fork
fork 50000
1
13.175849
2
3.263822
4
0.845183
fork 100000
1
52.463721
2
13.172833
4
3.256179
fork 150000
1
117.928376
2
29.563728
4
7.386621
fork 200000
1
210.152238
2
52.586391
4
13.136728

pthread
pthread 50000
1
13.124393
2
3.289787
4
0.820975
pthread 100000
1
52.568608
2
13.108974
4
3.264255
pthread 150000
1
118.360371
2
29.599704
4
7.391103
pthread 200000
1
210.421082
2
52.465431
4
13.137092

omp
omp 50000
1
13.127871
2
3.290098
4
0.825093
omp 100000
1
52.412814
2
13.113262
4
3.273875
omp 150000
1
118.329236
2
29.583780
4
7.391656
omp 200000
1
210.147508
2
52.593462
4
13.135072
